

 b'@@\xac\x00\x01\x01\x01/\r\x0c\x01\x13\n\x00\x00\x00\x00\x00\n\x00\x00\x00\x00\x000\x00\x02\x02\x01\x01\x01\x17\xb9E\x06\x00\x03\x00                               (.\r\x0c\x01\x13\xd7##'

411065
[2, 1, 1, 1, 23, 185, 69, 6, 0, 3, 0, 32, 32, 32, 32, 32, 32, 32, 32, 32, 32, 32, 32, 32, 32, 32, 32, 32, 32, 32, 32, 32, 32, 32, 32, 32, 32, 32, 32, 32, 32, 32, 40, 46, 13, 12, 1, 19]
(2, 1, 1, 1, 23, 17849, 6, 3, b'                               ', 40, 46, 13, 12, 1, 19)
区号： 6
位号： 17849
datatype: 2
parttype: 23

b'@@Y\x01\x01\x01\x199\x0e\x0c\x01\x13\n\x00\x00\x00\x00\x00\n\x00\x00\x00\x00\x000\x00\x02\x02\x01\x01\x01*dF\x06\x00\x03\x00                               \x039\x0e\x0c\x01\x13N##'
411236
[2, 1, 1, 1, 42, 100, 70, 6, 0, 3, 0, 32, 32, 32, 32, 32, 32, 32, 32, 32, 32, 32, 32, 32, 32, 32, 32, 32, 32, 32, 32, 32, 32, 32, 32, 32, 32, 32, 32, 32, 32, 32, 3, 57, 14, 12, 1, 19]
(2, 1, 1, 1, 42, 18020, 6, 3, b'                               ', 3, 57, 14, 12, 1, 19)
区号： 6
位号： 18020
datatype: 2
parttype: 42

b'@@^\x01\x01\x01\x15;\x0e\x0c\x01\x13\n\x00\x00\x00\x00\x00\n\x00\x00\x00\x00\x000\x00\x02\x02\x01\x01\x01*aF\x06\x00\x03\x00                               \x01;\x0e\x0c\x01\x13N##'
411233
[2, 1, 1, 1, 42, 97, 70, 6, 0, 3, 0, 32, 32, 32, 32, 32, 32, 32, 32, 32, 32, 32, 32, 32, 32, 32, 32, 32, 32, 32, 32, 32, 32, 32, 32, 32, 32, 32, 32, 32, 32, 32, 1, 59, 14, 12, 1, 19]
(2, 1, 1, 1, 42, 18017, 6, 3, b'                               ', 1, 59, 14, 12, 1, 19)
区号： 6
位号： 18017
datatype: 2
parttype: 42

 b'@@k\x02\x01\x01\x1d\x01\x10\x0c\x01\x13\n\x00\x00\x00\x00\x00\n\x00\x00\x00\x00\x000\x00\x02\x02\x01\x01\x01*bF\x06\x00\x03\x00                               \x08\x01\x10\x0c\x01\x13\xfc##'
411234
[2, 1, 1, 1, 42, 98, 70, 6, 0, 3, 0, 32, 32, 32, 32, 32, 32, 32, 32, 32, 32, 32, 32, 32, 32, 32, 32, 32, 32, 32, 32, 32, 32, 32, 32, 32, 32, 32, 32, 32, 32, 32, 8, 1, 16, 12, 1, 19]
(2, 1, 1, 1, 42, 18018, 6, 3, b'                               ', 8, 1, 16, 12, 1, 19)
区号： 6
位号： 18018
datatype: 2
parttype: 42

b'@@a\x01\x01\x01!\x00\x0f\x0c\x01\x13\n\x00\x00\x00\x00\x00\n\x00\x00\x00\x00\x000\x00\x02\x02\x01\x01\x01*_F\x06\x00\x03\x00                               \x0c\x00\x0f\x0c\x01\x13\xf2##'
411231
[2, 1, 1, 1, 42, 95, 70, 6, 0, 3, 0, 32, 32, 32, 32, 32, 32, 32, 32, 32, 32, 32, 32, 32, 32, 32, 32, 32, 32, 32, 32, 32, 32, 32, 32, 32, 32, 32, 32, 32, 32, 32, 12, 0, 15, 12, 1, 19]
(2, 1, 1, 1, 42, 18015, 6, 3, b'                               ', 12, 0, 15, 12, 1, 19)
区号： 6
位号： 18015
datatype: 2
parttype: 42


Original Data: b'@@!\x00\x01\x01\x1f1\n\x0c\x01\x13\n\x00\x00\x00\x00\x00\n\x00\x00\x00\x00\x000\x00\x02\x02\x01\x01\x01*\xfal\x06\x00\x03\x00                               \t1\n\x0c\x01\x13\xc5##'
original_unpack: [64, 64, 33, 0, 1, 1, 31, 49, 10, 12, 1, 19, 10, 0, 0, 0, 0, 0, 10, 0, 0, 0, 0, 0, 48, 0, 2, 2, 1, 1, 1, 42, 250, 108, 6, 0, 3, 0, 32, 32, 32, 32, 32, 32, 32, 32, 32, 32, 32, 32, 32, 32, 32, 32, 32, 32, 32, 32, 32, 32, 32, 32, 32, 32, 32, 32, 32, 32, 32, 9, 49, 10, 12, 1, 19, 197, 35, 35]
backOK_original: b'@@!\x00\x01\x01\x1f1\n\x0c\x01\x13\n\x00\x00\x00\x00\x00\n\x00\x00\x00\x00\x000\x00\x03\xe4##'
backOK: [64, 64, 33, 0, 1, 1, 31, 49, 10, 12, 1, 19, 10, 0, 0, 0, 0, 0, 10, 0, 0, 0, 0, 0, 48, 0, 3, 228, 35, 35]
datatypeOK: 2

[2, 1, 1, 1, 42, 250, 108, 6, 0, 3, 0, 32, 32, 32, 32, 32, 32, 32, 32, 32, 32, 32, 32, 32, 32, 32, 32, 32, 32, 32, 32, 32, 32, 32, 32, 32, 32, 32, 32, 32, 32, 32, 9, 49, 10, 12, 1, 19]
(2, 1, 1, 1, 42, 27898, 6, 3, b'                               ', 9, 49, 10, 12, 1, 19)
区号： 6
位号： 27898
datatype: 2
parttype: 42

00421114   10:49:47
421114  42



250 108 6 0
fa  6c  6 0

6c fa   0 6
0110 1100 1111 1010   0000 0000 0000 0110



b'@@\xb7\x00\x01\x01";\r\x0c\x01\x13\n\x00\x00\x00\x00\x00\n\x00\x00\x00\x00\x000\x00\x02\x02\x01\x01\x01*\xf6l\x06\x00\x03\x00                               \r;\r\x0c\x01\x13x##'
421110

[2, 1, 1, 1, 42, 246, 108, 6, 0, 3, 0, 32, 32, 32, 32, 32, 32, 32, 32, 32, 32, 32, 32, 32, 32, 32, 32, 32, 32, 32, 32, 32, 32, 32, 32, 32, 32, 32, 32, 32, 32, 32, 13, 59, 13, 12, 1, 19]
(2, 1, 1, 1, 42, 27894, 6, 3, b'                               ', 13, 59, 13, 12, 1, 19)
区号： 6
位号： 27894

现场编码：421110

datatype: 2
parttype: 42

 b'@@\xba\x00\x01\x01\x06\x01\x0e\x0c\x01\x13\n\x00\x00\x00\x00\x00\n\x00\x00\x00\x00\x000\x00\x02\x02\x01\x01\x01*\xf1l\x06\x00\x03\x00                               -\x00\x0e\x0c\x01\x13\x07##'
421105
[2, 1, 1, 1, 42, 241, 108, 6, 0, 3, 0, 32, 32, 32, 32, 32, 32, 32, 32, 32, 32, 32, 32, 32, 32, 32, 32, 32, 32, 32, 32, 32, 32, 32, 32, 32, 32, 32, 32, 32, 32, 32, 45, 0, 14, 12, 1, 19]
(2, 1, 1, 1, 42, 27889, 6, 3, b'                               ', 45, 0, 14, 12, 1, 19)
区号： 6
位号： 27889
datatype: 2
parttype: 42
    6c           f1          0           6
    0110 1100    1111 0001   0000 0000   0000 0110




b'@@\xbf\x00\x01\x01\x16\x03\x0e\x0c\x01\x13\n\x00\x00\x00\x00\x00\n\x00\x00\x00\x00\x000\x00\x02\x02\x01\x01\x01*\xf2l\x06\x00\x03\x00                               \x02\x03\x0e\x0c\x01\x13\xf7##'
421106
[2, 1, 1, 1, 42, 242, 108, 6, 0, 3, 0, 32, 32, 32, 32, 32, 32, 32, 32, 32, 32, 32, 32, 32, 32, 32, 32, 32, 32, 32, 32, 32, 32, 32, 32, 32, 32, 32, 32, 32, 32, 32, 2, 3, 14, 12, 1, 19]
(2, 1, 1, 1, 42, 27890, 6, 3, b'                               ', 2, 3, 14, 12, 1, 19)
区号： 6
位号： 27890
datatype: 2
parttype: 42

b'@@\xc4\x00\x01\x01\x1c\x05\x0e\x0c\x01\x13\n\x00\x00\x00\x00\x00\n\x00\x00\x00\x00\x000\x00\x02\x02\x01\x01\x01*\xf7l\x06\x00\x03\x00                               \x06\x05\x0e\x0c\x01\x13\x0f##'
421111
[2, 1, 1, 1, 42, 247, 108, 6, 0, 3, 0, 32, 32, 32, 32, 32, 32, 32, 32, 32, 32, 32, 32, 32, 32, 32, 32, 32, 32, 32, 32, 32, 32, 32, 32, 32, 32, 32, 32, 32, 32, 32, 6, 5, 14, 12, 1, 19]
(2, 1, 1, 1, 42, 27895, 6, 3, b'                               ', 6, 5, 14, 12, 1, 19)
区号： 6
位号： 27895
datatype: 2
parttype: 42


b'@@\xd6\x00\x01\x01\x0c\x0e\x0e\x0c\x01\x13\n\x00\x00\x00\x00\x00\n\x00\x00\x00\x00\x000\x00\x02\x02\x01\x01\x01*\x02m\x06\x00\x03\x00                               4\r\x0e\x0c\x01\x13\\##'
421122
[2, 1, 1, 1, 42, 2, 109, 6, 0, 3, 0, 32, 32, 32, 32, 32, 32, 32, 32, 32, 32, 32, 32, 32, 32, 32, 32, 32, 32, 32, 32, 32, 32, 32, 32, 32, 32, 32, 32, 32, 32, 32, 52, 13, 14, 12, 1, 19]
(2, 1, 1, 1, 42, 27906, 6, 3, b'                               ', 52, 13, 14, 12, 1, 19)
区号： 6
位号： 27906
datatype: 2
parttype: 42

b'@@\xda\x00\x01\x01\x01\x10\x0e\x0c\x01\x13\n\x00\x00\x00\x00\x00\n\x00\x00\x00\x00\x000\x00\x02\x02\x01\x01\x01*\xfdl\x06\x00\x03\x00                               &\x0f\x0e\x0c\x01\x13E##'
421117
[2, 1, 1, 1, 42, 253, 108, 6, 0, 3, 0, 32, 32, 32, 32, 32, 32, 32, 32, 32, 32, 32, 32, 32, 32, 32, 32, 32, 32, 32, 32, 32, 32, 32, 32, 32, 32, 32, 32, 32, 32, 32, 38, 15, 14, 12, 1, 19]
(2, 1, 1, 1, 42, 27901, 6, 3, b'                               ', 38, 15, 14, 12, 1, 19)
区号： 6
位号： 27901
datatype: 2
parttype: 42


b'@@\xdd\x00\x01\x01\x10\x11\x0e\x0c\x01\x13\n\x00\x00\x00\x00\x00\n\x00\x00\x00\x00\x000\x00\x02\x02\x01\x01\x01*\xf8l\x06\x00\x03\x00                               8\x10\x0e\x0c\x01\x13f##'
421112
[2, 1, 1, 1, 42, 248, 108, 6, 0, 3, 0, 32, 32, 32, 32, 32, 32, 32, 32, 32, 32, 32, 32, 32, 32, 32, 32, 32, 32, 32, 32, 32, 32, 32, 32, 32, 32, 32, 32, 32, 32, 32, 56, 16, 14, 12, 1, 19]
(2, 1, 1, 1, 42, 27896, 6, 3, b'                               ', 56, 16, 14, 12, 1, 19)
区号： 6
位号： 27896
datatype: 2
parttype: 42

 b'@@\xe0\x00\x01\x01&\x12\x0e\x0c\x01\x13\n\x00\x00\x00\x00\x00\n\x00\x00\x00\x00\x000\x00\x02\x02\x01\x01\x01*\xf3l\x06\x00\x03\x00                               \x10\x12\x0e\x0c\x01\x13U##'
421107
[2, 1, 1, 1, 42, 243, 108, 6, 0, 3, 0, 32, 32, 32, 32, 32, 32, 32, 32, 32, 32, 32, 32, 32, 32, 32, 32, 32, 32, 32, 32, 32, 32, 32, 32, 32, 32, 32, 32, 32, 32, 32, 16, 18, 14, 12, 1, 19]
(2, 1, 1, 1, 42, 27891, 6, 3, b'                               ', 16, 18, 14, 12, 1, 19)
区号： 6
位号： 27891
datatype: 2
parttype: 42

b'@@\xe7\x00\x01\x018\x15\x0e\x0c\x01\x13\n\x00\x00\x00\x00\x00\n\x00\x00\x00\x00\x000\x00\x02\x02\x01\x01\x01*\xedl\x06\x00\x03\x00                               #\x15\x0e\x0c\x01\x13\x81##'
421101
[2, 1, 1, 1, 42, 237, 108, 6, 0, 3, 0, 32, 32, 32, 32, 32, 32, 32, 32, 32, 32, 32, 32, 32, 32, 32, 32, 32, 32, 32, 32, 32, 32, 32, 32, 32, 32, 32, 32, 32, 32, 32, 35, 21, 14, 12, 1, 19]
(2, 1, 1, 1, 42, 27885, 6, 3, b'                               ', 35, 21, 14, 12, 1, 19)
区号： 6
位号： 27885
datatype: 2
parttype: 42

 b'@@\xf1\x00\x01\x01-\x1a\x0e\x0c\x01\x13\n\x00\x00\x00\x00\x00\n\x00\x00\x00\x00\x000\x00\x02\x02\x01\x01\x01*\xe8l\x06\x00\x03\x00                               \x19\x1a\x0e\x0c\x01\x13{##'
421096
[2, 1, 1, 1, 42, 232, 108, 6, 0, 3, 0, 32, 32, 32, 32, 32, 32, 32, 32, 32, 32, 32, 32, 32, 32, 32, 32, 32, 32, 32, 32, 32, 32, 32, 32, 32, 32, 32, 32, 32, 32, 32, 25, 26, 14, 12, 1, 19]
(2, 1, 1, 1, 42, 27880, 6, 3, b'                               ', 25, 26, 14, 12, 1, 19)
区号： 6
位号： 27880
datatype: 2
parttype: 42

b'@@7\x01\x01\x01\x04)\x0e\x0c\x01\x13\n\x00\x00\x00\x00\x00\n\x00\x00\x00\x00\x000\x00\x02\x02\x01\x01\x01*\x03m\x06\x00\x03\x00                               ,(\x0e\x0c\x01\x13\xe5##'
421123
[2, 1, 1, 1, 42, 3, 109, 6, 0, 3, 0, 32, 32, 32, 32, 32, 32, 32, 32, 32, 32, 32, 32, 32, 32, 32, 32, 32, 32, 32, 32, 32, 32, 32, 32, 32, 32, 32, 32, 32, 32, 32, 44, 40, 14, 12, 1, 19]
(2, 1, 1, 1, 42, 27907, 6, 3, b'                               ', 44, 40, 14, 12, 1, 19)
区号： 6
位号： 27907
datatype: 2
parttype: 42


 b'@@N\x02\x01\x01\r6\x0f\x0c\x01\x13\n\x00\x00\x00\x00\x00\n\x00\x00\x00\x00\x000\x00\x02\x02\x01\x01\x01*\x02m\x06\x00\x03\x00                               45\x0f\x0c\x01\x13)##'
421122
[2, 1, 1, 1, 42, 2, 109, 6, 0, 3, 0, 32, 32, 32, 32, 32, 32, 32, 32, 32, 32, 32, 32, 32, 32, 32, 32, 32, 32, 32, 32, 32, 32, 32, 32, 32, 32, 32, 32, 32, 32, 32, 52, 53, 15, 12, 1, 19]
(2, 1, 1, 1, 42, 27906, 6, 3, b'                               ', 52, 53, 15, 12, 1, 19)
区号： 6
位号： 27906
datatype: 2
parttype: 42


b'@@r\x02\x01\x01\x11\x03\x10\x0c\x01\x13\n\x00\x00\x00\x00\x00\n\x00\x00\x00\x00\x000\x00\x02\x02\x01\x01\x01`\xbb\xfc\x0e\x00\x11\x00                               \x11\x03\x10\x0c\x01\x13_##'























